BA0:0.362109
BA1:0.462256
BA2:0.435417
BA3:0.519806
BA4:0.599945
BA5:0.131548
BA6:0.395404
BA7:0.464450
BA8:0.558775
BA9:0.640088
BA10:0.595949
BA11:0.369492
BA12:0.713121
BA13:0.712708
BA14:0.542624
BA15:0.622781
BA16:0.647666
BA17:0.573683
BA18:0.501620
BA19:0.828954
BA20:0.414812
BA21:0.649987
BA22:0.360083
BA23:0.513238
BA24:0.674688
BA25:0.440923
BA26:0.541060
BA27:0.642857
BA28:0.484681
BA29:0.470416
BA30:0.475975
BA31:0.522175
BA32:0.693849
BA33:0.435468
BA34:0.614506
BA35:0.433574
BA36:0.632448
BA37:0.326324
BA38:0.470419
BA39:0.390935
BA40:0.641591
BA41:0.631151
BA42:0.402968
BA43:0.665238
BA44:0.745329
BA45:0.368223
BA46:0.546953
BA47:0.536926
BA48:0.554152
BA49:0.651539
BA50:0.462020
BA51:0.529103
BA52:0.457309
BA53:0.438145
BA54:0.567153
BA55:0.465177
BA56:0.563179
BA57:0.594478
BA58:0.343627
BA59:0.340475
BA60:0.442034
BA61:0.423166
BA62:0.669791
BA63:0.659121
BA64:0.440817
BA65:0.368805
BA66:0.709821
BA67:0.574861
BA68:0.385608
BA69:0.545025
BA70:0.663312
BA71:0.719659
BA72:0.409629
BA73:0.488014
BA74:0.333875
BA75:0.518449
BA76:0.573235
BA77:0.571721
BA78:0.328865
BA79:0.671769
BA80:0.536668
BA81:0.521329
BA82:0.524451
BA83:0.570641
BA84:0.391675
BA85:0.577477
BA86:0.872385
BA87:0.737139
BA88:0.576488
BA89:0.745819
BA90:0.524657
BA91:0.674161
BA92:0.582355
BA93:0.563542
BA94:0.638742
BA96:0.446532
BA97:0.432886
BA98:0.579529
BA99:0.506941
BA100:0.425765
BA101:0.378962
BA102:0.499998
BA103:0.515928
BA104:0.457089
BA105:0.586677
BA106:0.564220
BA107:0.684684
BA108:0.666638
BA109:0.385051
BA110:0.641326
BA111:0.513382
BA112:0.539699
BA113:0.667836
BA114:0.449641
BA115:0.642495
BA116:0.546986
BA117:0.462062
BA118:0.631119
BA119:0.581261
BA120:0.512753
BA121:0.362054
BA122:0.709353
BA123:0.497986
BA124:0.441017
BA125:0.534233
BA126:0.689826
BA127:0.655673
BA128:0.682150
BA129:0.459398
BA130:0.585760
BA131:0.460634
BA132:0.658840
BA133:0.467063
BA134:0.411281
BA135:0.563138
BA136:0.728597
BA137:0.570785
BA138:0.424977
BA139:0.535264
BA140:0.406443
BA141:0.368123
BA142:0.407058
BA143:0.678270
BA144:0.653083
BA145:0.625596
BA146:0.489472
BA147:0.549174
BA148:0.543134
BA149:0.588440
BA150:0.613450
BA151:0.578550
BA152:0.416832
BA153:0.602073
BA154:0.629016
BA155:0.507122
BA156:0.616767
BA157:0.418885
BA158:0.429963
BA159:0.452236
BA160:0.561730
BA161:0.605478
BA162:0.426591
BA163:0.716573
BA164:0.556267
BA165:0.595474
BA166:0.595857
BA167:0.668065
BA168:0.470111
BA169:0.688747
BA170:0.549978
BA171:0.389365
BA172:0.589858
BA173:0.772860
BA174:0.324723
BA175:0.803632
BA176:0.399801
BA177:0.570166
BA178:0.432498
BA179:0.517306
BA180:0.578050
BA181:0.342408
BA182:0.674250
BA183:0.366335
BA184:0.622114
BA185:0.735985
BA186:0.383758
BA187:0.564768
BA188:0.573556
BA189:0.606602
BA190:0.486649
BA191:0.580615
BA192:0.358790
BA193:0.512945
BA194:0.525701
BA195:0.506104
BA196:0.632866
BA197:0.466468
BA198:0.490021
BA199:0.447307
BA200:0.641876
BA201:0.416042
BA202:0.517647
BA203:0.759683
BA204:0.588446
BA205:0.494242
