BA0:0.507055
BA1:0.580032
BA2:0.537909
BA3:0.624393
BA4:0.734777
BA5:0.759666
BA6:0.578682
BA7:0.576092
BA8:0.767424
BA9:0.772003
BA10:0.775706
BA11:0.469608
BA12:0.739174
BA13:0.857487
BA14:0.582194
BA15:0.845861
BA16:0.802551
BA17:0.702308
BA18:0.700365
BA19:0.859765
BA20:0.654891
BA21:0.791549
BA22:0.487890
BA23:0.825520
BA24:0.850893
BA25:0.508035
BA26:0.736023
BA27:0.851267
BA28:0.568324
BA29:0.606311
BA30:0.601510
BA31:0.604340
BA32:0.824489
BA33:0.664409
BA34:0.757855
BA35:0.514309
BA36:0.708168
BA37:0.454761
BA38:0.526115
BA39:0.561777
BA40:0.772335
BA41:0.885236
BA42:0.502200
BA43:0.830729
BA44:0.852885
BA45:0.474468
BA46:0.638581
BA47:0.730544
BA48:0.690131
BA49:0.787734
BA50:0.522499
BA51:0.671291
BA52:0.491668
BA53:0.623011
BA54:0.647137
BA55:0.698418
BA56:0.715024
BA57:0.689498
BA58:0.548359
BA59:0.476614
BA60:0.551108
BA61:0.462817
BA62:0.726876
BA63:0.814318
BA64:0.504756
BA65:0.555094
BA66:0.906723
BA67:0.628813
BA68:0.718310
BA69:0.737128
BA70:0.818507
BA71:0.841010
BA72:0.581232
BA73:0.658417
BA74:0.409924
BA75:0.622771
BA76:0.797226
BA77:0.659353
BA78:0.457714
BA79:0.783634
BA80:0.650249
BA81:0.559168
BA82:0.741539
BA83:0.677093
BA84:0.500434
BA85:0.731210
BA86:0.900183
BA87:0.852357
BA88:0.790543
BA89:0.812432
BA90:0.758411
BA91:0.738146
BA92:0.765842
BA93:0.714725
BA94:0.668312
BA96:0.526888
BA97:0.420336
BA98:0.707887
BA99:0.663736
BA100:0.779102
BA101:0.576289
BA102:0.608112
BA103:0.784611
BA104:0.574490
BA105:0.800996
BA106:0.689414
BA107:0.767537
BA108:0.713985
BA109:0.685187
BA110:0.773031
BA111:0.658750
BA112:0.756793
BA113:0.868151
BA114:0.565114
BA115:0.761083
BA116:0.720782
BA117:0.554045
BA118:0.814569
BA119:0.789808
BA120:0.617177
BA121:0.512521
BA122:0.680218
BA123:0.652946
BA124:0.635521
BA125:0.725039
BA126:0.809482
BA127:0.813572
BA128:0.804651
BA129:0.644148
BA130:0.671668
BA131:0.540538
BA132:0.722837
BA133:0.620663
BA134:0.399475
BA135:0.723032
BA136:0.839294
BA137:0.612944
BA138:0.510025
BA139:0.629198
BA140:0.640646
BA141:0.512548
BA142:0.457247
BA143:0.778691
BA144:0.700059
BA145:0.690006
BA146:0.565071
BA147:0.649227
BA148:0.802315
BA149:0.673814
BA150:0.765522
BA151:0.730343
BA152:0.447426
BA153:0.740219
BA154:0.810049
BA155:0.689291
BA156:0.714000
BA157:0.685350
BA158:0.563427
BA159:0.546207
BA160:0.680254
BA161:0.774951
BA162:0.493933
BA163:0.887208
BA164:0.731150
BA165:0.693454
BA166:0.805302
BA167:0.763564
BA168:0.570706
BA169:0.721976
BA170:0.710665
BA171:0.596022
BA172:0.736745
BA173:0.839291
BA174:0.472812
BA175:0.864257
BA176:0.464788
BA177:0.809501
BA178:0.594852
BA179:0.686610
BA180:0.741451
BA181:0.373293
BA182:0.762191
BA183:0.639607
BA184:0.763512
BA185:0.726185
BA186:0.350973
BA187:0.777993
BA188:0.738845
BA189:0.815967
BA190:0.796855
BA191:0.781840
BA192:0.451827
BA193:0.601958
BA194:0.777161
BA195:0.726876
BA196:0.741372
BA197:0.786008
BA198:0.569061
BA199:0.554454
BA200:0.724917
BA201:0.594881
BA202:0.662117
BA203:0.885246
BA204:0.731188
BA205:0.541201
