BA0 : 0.798009 
BA1 : 0.798009 
BA2 : 0.798009 
BA3 : 0.705548 
BA4 : 0.462304 
BA5 : 0.462304 
BA6 : 0.896159 
BA7 : 0.846373 
BA8 : 0.537696 
BA9 : 0.577525 
BA10 : 0.618777 
BA11 : 1.000000 
BA12 : 0.618777 
BA13 : 0.426743 
BA14 : 0.846373 
BA15 : 0.129445 
BA16 : 0.392603 
BA17 : 0.499289 
BA18 : 0.537696 
BA19 : 0.270270 
BA20 : 0.661451 
BA21 : 0.359886 
BA22 : 0.661451 
BA23 : 0.243243 
BA24 : 0.270270 
BA25 : 0.751067 
BA26 : 0.577525 
BA27 : 0.093883 
BA28 : 0.846373 
BA29 : 0.751067 
BA30 : 0.896159 
BA31 : 0.896159 
BA32 : 0.110953 
BA33 : 0.705548 
BA34 : 0.537696 
BA35 : 0.798009 
BA36 : 0.618777 
BA37 : 0.896159 
BA38 : 0.798009 
BA39 : 0.896159 
BA40 : 0.462304 
BA41 : 0.093883 
BA42 : 1.000000 
BA43 : 0.149360 
BA44 : 0.170697 
BA45 : 1.000000 
BA46 : 0.705548 
BA47 : 0.618777 
BA48 : 0.661451 
BA49 : 0.426743 
BA50 : 0.705548 
BA51 : 0.751067 
BA52 : 0.846373 
BA53 : 0.947368 
BA54 : 0.751067 
BA55 : 0.705548 
BA56 : 0.577525 
BA57 : 0.798009 
BA58 : 0.705548 
BA59 : 0.947368 
BA60 : 0.947368 
BA61 : 0.896159 
BA62 : 0.537696 
BA63 : 0.426743 
BA64 : 0.947368 
BA65 : 0.705548 
BA66 : 0.008535 
BA67 : 0.846373 
BA68 : 0.537696 
BA69 : 0.537696 
BA70 : 0.270270 
BA71 : 0.298720 
BA72 : 0.705548 
BA73 : 0.661451 
BA74 : 1.000000 
BA75 : 0.846373 
BA76 : 0.359886 
BA77 : 0.751067 
BA78 : 0.947368 
BA79 : 0.426743 
BA80 : 0.618777 
BA81 : 0.751067 
BA82 : 0.392603 
BA83 : 0.798009 
BA84 : 0.751067 
BA85 : 0.537696 
BA86 : 0.039829 
BA87 : 0.328592 
BA88 : 0.426743 
BA89 : 0.462304 
BA90 : 0.537696 
BA91 : 0.392603 
BA92 : 0.577525 
BA93 : 0.661451 
BA94 : 0.661451 
BA96 : 0.661451 
BA97 : 1.000000 
BA98 : 0.577525 
BA99 : 0.798009 
BA100 : 0.328592 
BA101 : 0.846373 
BA102 : 0.618777 
BA103 : 0.392603 
BA104 : 0.751067 
BA105 : 0.359886 
BA106 : 0.618777 
BA107 : 0.661451 
BA108 : 0.618777 
BA109 : 0.426743 
BA110 : 0.359886 
BA111 : 0.798009 
BA112 : 0.751067 
BA113 : 0.170697 
BA114 : 0.751067 
BA115 : 0.577525 
BA116 : 0.618777 
BA117 : 0.947368 
BA118 : 0.217639 
BA119 : 0.499289 
BA120 : 0.751067 
BA121 : 0.705548 
BA122 : 0.392603 
BA123 : 0.499289 
BA124 : 0.618777 
BA125 : 0.618777 
BA126 : 0.328592 
BA127 : 0.462304 
BA128 : 0.392603 
BA129 : 0.661451 
BA130 : 0.705548 
BA131 : 0.751067 
BA132 : 0.618777 
BA133 : 0.751067 
BA134 : 0.846373 
BA135 : 0.537696 
BA136 : 0.359886 
BA137 : 0.896159 
BA138 : 0.798009 
BA139 : 0.577525 
BA140 : 0.618777 
BA141 : 0.705548 
BA142 : 0.846373 
BA143 : 0.359886 
BA144 : 0.661451 
BA145 : 0.537696 
BA146 : 0.751067 
BA147 : 0.751067 
BA148 : 0.426743 
BA149 : 0.577525 
BA150 : 0.462304 
BA151 : 0.618777 
BA152 : 0.846373 
BA153 : 0.499289 
BA154 : 0.426743 
BA155 : 0.577525 
BA156 : 0.618777 
BA157 : 0.618777 
BA158 : 0.661451 
BA159 : 0.947368 
BA160 : 0.661451 
BA161 : 0.392603 
BA162 : 1.000000 
BA163 : 0.217639 
BA164 : 0.618777 
BA165 : 0.661451 
BA166 : 0.426743 
BA167 : 0.392603 
BA168 : 0.846373 
BA169 : 0.577525 
BA170 : 0.462304 
BA171 : 0.751067 
BA172 : 0.537696 
BA173 : 0.170697 
BA174 : 0.846373 
BA175 : 0.298720 
BA176 : 0.846373 
BA177 : 0.462304 
BA178 : 0.846373 
BA179 : 0.661451 
BA180 : 0.426743 
BA181 : 0.947368 
BA182 : 0.392603 
BA183 : 0.846373 
BA184 : 0.392603 
BA185 : 0.462304 
BA186 : 1.000000 
BA187 : 0.426743 
BA188 : 0.426743 
BA189 : 0.392603 
BA190 : 0.392603 
BA191 : 0.359886 
BA192 : 0.798009 
BA193 : 0.798009 
BA194 : 0.577525 
BA195 : 0.537696 
BA196 : 0.499289 
BA197 : 0.392603 
BA198 : 0.846373 
BA199 : 0.798009 
BA200 : 0.426743 
BA201 : 0.751067 
BA202 : 0.577525 
BA203 : 0.064011 
BA204 : 0.618777 
BA205 : 0.896159 
