BA0 : 0.243243 
BA1 : 0.705548 
BA2 : 0.661451 
BA3 : 0.298720 
BA4 : 0.243243 
BA5 : 0.064011 
BA6 : 0.298720 
BA7 : 0.359886 
BA8 : 0.426743 
BA9 : 0.270270 
BA10 : 0.170697 
BA11 : 0.499289 
BA12 : 0.359886 
BA13 : 0.193457 
BA14 : 0.392603 
BA15 : 0.039829 
BA16 : 0.193457 
BA17 : 0.064011 
BA18 : 0.149360 
BA19 : 0.051209 
BA20 : 0.392603 
BA21 : 0.243243 
BA22 : 0.359886 
BA23 : 0.078236 
BA24 : 0.039829 
BA25 : 0.661451 
BA26 : 0.270270 
BA27 : 0.014225 
BA28 : 0.426743 
BA29 : 0.392603 
BA30 : 0.359886 
BA31 : 0.661451 
BA32 : 0.021337 
BA33 : 0.243243 
BA34 : 0.217639 
BA35 : 0.462304 
BA36 : 0.426743 
BA37 : 0.661451 
BA38 : 0.618777 
BA39 : 0.328592 
BA40 : 0.243243 
BA41 : 0.021337 
BA42 : 0.392603 
BA43 : 0.064011 
BA44 : 0.078236 
BA45 : 0.661451 
BA46 : 0.577525 
BA47 : 0.129445 
BA48 : 0.359886 
BA49 : 0.193457 
BA50 : 0.243243 
BA51 : 0.537696 
BA52 : 0.577525 
BA53 : 0.462304 
BA54 : 0.426743 
BA55 : 0.217639 
BA56 : 0.426743 
BA57 : 0.392603 
BA58 : 0.392603 
BA59 : 0.537696 
BA60 : 0.392603 
BA61 : 0.798009 
BA62 : 0.243243 
BA63 : 0.217639 
BA64 : 0.392603 
BA65 : 0.537696 
BA66 : 0.008535 
BA67 : 0.298720 
BA68 : 0.170697 
BA69 : 0.193457 
BA70 : 0.110953 
BA71 : 0.039829 
BA72 : 0.426743 
BA73 : 0.577525 
BA74 : 0.705548 
BA75 : 0.462304 
BA76 : 0.270270 
BA77 : 0.270270 
BA78 : 0.359886 
BA79 : 0.270270 
BA80 : 0.392603 
BA81 : 0.462304 
BA82 : 0.217639 
BA83 : 0.426743 
BA84 : 0.661451 
BA85 : 0.093883 
BA86 : 0.029872 
BA87 : 0.129445 
BA88 : 0.078236 
BA89 : 0.217639 
BA90 : 0.217639 
BA91 : 0.270270 
BA92 : 0.270270 
BA93 : 0.217639 
BA94 : 0.462304 
BA96 : 0.705548 
BA97 : 0.661451 
BA98 : 0.328592 
BA99 : 0.243243 
BA100 : 0.129445 
BA101 : 0.537696 
BA102 : 0.462304 
BA103 : 0.193457 
BA104 : 0.537696 
BA105 : 0.051209 
BA106 : 0.618777 
BA107 : 0.298720 
BA108 : 0.129445 
BA109 : 0.193457 
BA110 : 0.129445 
BA111 : 0.392603 
BA112 : 0.243243 
BA113 : 0.051209 
BA114 : 0.328592 
BA115 : 0.149360 
BA116 : 0.298720 
BA117 : 0.462304 
BA118 : 0.149360 
BA119 : 0.328592 
BA120 : 0.537696 
BA121 : 0.462304 
BA122 : 0.110953 
BA123 : 0.328592 
BA124 : 0.170697 
BA125 : 0.462304 
BA126 : 0.078236 
BA127 : 0.217639 
BA128 : 0.170697 
BA129 : 0.093883 
BA130 : 0.193457 
BA131 : 0.359886 
BA132 : 0.243243 
BA133 : 0.462304 
BA134 : 0.846373 
BA135 : 0.270270 
BA136 : 0.170697 
BA137 : 0.798009 
BA138 : 0.499289 
BA139 : 0.170697 
BA140 : 0.270270 
BA141 : 0.499289 
BA142 : 0.577525 
BA143 : 0.270270 
BA144 : 0.078236 
BA145 : 0.243243 
BA146 : 0.359886 
BA147 : 0.661451 
BA148 : 0.149360 
BA149 : 0.618777 
BA150 : 0.328592 
BA151 : 0.243243 
BA152 : 0.577525 
BA153 : 0.426743 
BA154 : 0.217639 
BA155 : 0.243243 
BA156 : 0.359886 
BA157 : 0.170697 
BA158 : 0.359886 
BA159 : 0.618777 
BA160 : 0.359886 
BA161 : 0.328592 
BA162 : 0.499289 
BA163 : 0.051209 
BA164 : 0.392603 
BA165 : 0.328592 
BA166 : 0.129445 
BA167 : 0.426743 
BA168 : 0.462304 
BA169 : 0.359886 
BA170 : 0.328592 
BA171 : 0.462304 
BA172 : 0.243243 
BA173 : 0.039829 
BA174 : 0.661451 
BA175 : 0.129445 
BA176 : 0.359886 
BA177 : 0.110953 
BA178 : 0.298720 
BA179 : 0.328592 
BA180 : 0.093883 
BA181 : 0.896159 
BA182 : 0.243243 
BA183 : 0.217639 
BA184 : 0.129445 
BA185 : 0.093883 
BA186 : 0.705548 
BA187 : 0.298720 
BA188 : 0.170697 
BA189 : 0.270270 
BA190 : 0.078236 
BA191 : 0.193457 
BA192 : 0.577525 
BA193 : 0.392603 
BA194 : 0.193457 
BA195 : 0.298720 
BA196 : 0.426743 
BA197 : 0.093883 
BA198 : 0.359886 
BA199 : 0.499289 
BA200 : 0.328592 
BA201 : 0.499289 
BA202 : 0.328592 
BA203 : 0.014225 
BA204 : 0.359886 
BA205 : 0.243243 
